,City,Latitude,High Temp,Humidity,Clouds,Wind Speed
0,ribeira grande,38.52,17.293000000000006,95,80,9.96
1,labuhan,-2.54,27.39300000000003,84,80,1.36
2,campbell river,50.02,-6.509999999999991,79,75,7.7
3,atuona,-9.8,27.01800000000003,100,64,6.31
4,mehamn,71.03,-10.5,78,0,3.1
5,tucumcari,35.17,11.100000000000023,50,1,7.7
6,gualeguaychu,-33.01,18.19300000000004,70,0,3.91
7,turukhansk,65.8,-39.35699999999997,0,0,1.36
8,lebu,8.96,17.0,33,0,3.6
9,petropavlovsk-kamchatskiy,53.05,-4.0,49,20,3
10,tromso,69.65,-7.739999999999952,57,0,14.9
11,rikitea,-23.12,27.69300000000004,99,12,3.46
12,west bay,50.71,7.980000000000018,93,75,11.8
13,mataura,-46.19,21.76800000000003,53,88,9.76
14,iqaluit,63.75,-17.99999999999997,77,90,1
15,sentyabrskiy,,,,,
16,bluff,-23.58,29.593000000000018,51,92,6.71
17,upernavik,72.79,-17.156999999999982,100,12,0.61
18,rio cuarto,-33.13,15.0,82,0,6.2
19,taolanaro,,,,,
20,rikitea,-23.12,27.69300000000004,99,12,3.46
21,te anau,-45.41,16.793000000000006,65,64,6.26
22,leningradskiy,69.38,-20.306999999999988,80,68,6.96
23,orangeburg,33.49,6.220000000000027,92,1,1.5
24,te anau,-45.41,16.793000000000006,65,64,6.26
25,illoqqortoormiut,,,,,
26,bredasdorp,-34.53,22.0,73,92,2.6
27,kijang,35.24,10.0,15,0,5.1
28,aklavik,68.22,-19.99999999999997,70,90,2.1
29,hobart,-42.88,22.0,53,20,7.7
30,yellowknife,62.45,-37.99999999999997,65,40,2.6
31,atuona,-9.8,27.01800000000003,100,64,6.31
32,barrow,-38.31,11.19300000000004,87,0,2.31
33,ushuaia,-54.81,15.0,58,0,5.7
34,rikitea,-23.12,27.69300000000004,99,12,3.46
35,victoria,5.28,30.0,74,75,2.6
36,yellowknife,62.45,-37.99999999999997,65,40,2.6
37,qaanaaq,77.48,-28.456999999999965,82,0,1.16
38,hilo,19.71,23.30000000000001,76,90,1.5
39,touba,14.86,19.89300000000003,30,20,4.51
40,narsaq,60.91,-8.0,72,64,1
41,rikitea,-23.12,27.69300000000004,99,12,3.46
42,port-cartier,50.03,-14.0,65,90,3.6
43,bredasdorp,-34.53,22.0,73,92,2.6
44,ushuaia,-54.81,15.0,58,0,5.7
45,butaritari,3.07,28.918000000000006,100,56,8.61
46,ahipara,-35.17,23.81800000000004,70,32,5.01
47,dikson,73.51,-23.306999999999988,73,8,4.01
48,vieques,18.43,23.30000000000001,81,40,1.5
49,de-kastri,51.48,-14.456999999999994,100,68,5.91
50,verkhoyansk,67.55,-42.25699999999998,0,24,1.16
51,port alfred,-33.59,21.26800000000003,86,32,6.46
52,nikolskoye,59.7,1.0,86,90,2
53,rikitea,-23.12,27.69300000000004,99,12,3.46
54,mayumba,-3.44,24.742999999999995,100,92,2.51
55,quatre cocos,-20.21,31.0,74,40,5.7
56,norman wells,65.28,-30.99999999999997,67,5,2.6
57,punta arenas,-53.16,12.0,71,0,4.1
58,rikitea,-23.12,27.69300000000004,99,12,3.46
59,amderma,,,,,
60,qaanaaq,77.48,-28.456999999999965,82,0,1.16
61,avarua,-21.21,25.0,94,90,0.5
62,port alfred,-33.59,21.26800000000003,86,32,6.46
63,nanortalik,60.14,-6.656999999999982,100,0,2.91
64,olafsvik,,,,,
65,general cepeda,25.38,8.94300000000004,62,80,0.31
66,hithadhoo,-0.6,29.26800000000003,97,0,5.81
67,hambantota,6.12,28.0,83,75,6.7
68,beberibe,-4.18,27.0,88,40,1.5
69,nome,30.04,16.960000000000036,94,90,1.5
70,sitka,37.17,14.31800000000004,35,0,7.96
71,vostok,46.45,-19.581999999999965,47,32,4.26
72,puerto ayora,-0.74,25.742999999999995,100,24,2.21
73,taolanaro,,,,,
74,new norfolk,-42.78,21.0,52,40,6.7
75,mataura,-46.19,21.76800000000003,53,88,9.76
76,ballina,54.11,5.0,93,75,3.1
77,isangel,-19.55,25.593000000000018,100,76,4.91
78,atuona,-9.8,27.01800000000003,100,64,6.31
79,jiangkou,30.7,6.143000000000029,98,92,2.11
80,saint-philippe,45.36,-9.029999999999973,92,90,2.6
81,anshun,26.25,8.843000000000018,71,32,3.91
82,mosquera,4.71,10.0,81,32,1.5
83,talnakh,69.49,-31.73199999999997,38,0,2.71
84,punta arenas,-53.16,12.0,71,0,4.1
85,ushuaia,-54.81,15.0,58,0,5.7
86,mar del plata,-46.43,12.268000000000029,94,0,0.96
87,pathein,16.78,31.39300000000003,54,0,4.01
88,astara,38.42,2.9500000000000455,76,75,1
89,saint-philippe,45.36,-9.029999999999973,92,90,2.6
90,albany,42.65,3.6100000000000136,67,90,3.6
91,havoysund,71,-10.289999999999964,72,0,12.9
92,portland,45.52,3.5300000000000296,85,90,3.1
93,busselton,-33.64,24.918000000000006,76,0,3.86
94,goundam,16.42,15.418000000000006,51,0,5.41
95,bambous virieux,-20.34,31.0,74,40,5.7
96,busselton,-33.64,24.918000000000006,76,0,3.86
97,khandyga,62.65,-34.10699999999997,47,76,1.56
98,coquimbo,-29.95,16.0,93,90,2.1
99,kapaa,22.08,22.79000000000002,73,1,7.7
100,puerto ayora,-0.74,25.742999999999995,100,24,2.21
101,port alfred,-33.59,21.26800000000003,86,32,6.46
102,arraial do cabo,-22.97,23.89300000000003,97,68,3.56
103,punta arenas,-53.16,12.0,71,0,4.1
104,rikitea,-23.12,27.69300000000004,99,12,3.46
105,ushuaia,-54.81,15.0,58,0,5.7
106,puerto ayora,-0.74,25.742999999999995,100,24,2.21
107,isangel,-19.55,25.593000000000018,100,76,4.91
108,elizabeth city,36.3,8.54000000000002,89,90,3.1
109,alofi,-19.06,27.0,78,8,4.1
110,cape town,-33.93,20.0,77,20,6.2
111,tiksi,71.64,-36.331999999999965,59,20,1.51
112,mataura,-46.19,21.76800000000003,53,88,9.76
113,hobart,-42.88,22.0,53,20,7.7
114,ponta delgada,37.73,17.0,82,75,5.1
115,yellowknife,62.45,-37.99999999999997,65,40,2.6
116,kapaa,22.08,22.79000000000002,73,1,7.7
117,puerto ayora,-0.74,25.742999999999995,100,24,2.21
118,aswan,24.09,10.593000000000018,95,0,1.21
119,busselton,-33.64,24.918000000000006,76,0,3.86
120,ushuaia,-54.81,15.0,58,0,5.7
121,mys shmidta,,,,,
122,hermanus,-34.42,17.39300000000003,98,92,1.56
123,mataura,-46.19,21.76800000000003,53,88,9.76
124,kedgwick,47.65,-12.731999999999971,69,92,2.26
125,onega,63.91,-14.30699999999996,82,88,8.31
126,barrow,-38.31,11.19300000000004,87,0,2.31
127,barentsburg,,,,,
128,lensk,60.71,-33.90699999999998,45,8,3.41
129,sur,22.57,19.89300000000003,100,92,1.36
130,new norfolk,-42.78,21.0,52,40,6.7
131,albany,42.65,3.6100000000000136,67,90,3.6
132,mataura,-46.19,21.76800000000003,53,88,9.76
133,belushya guba,,,,,
134,boa vista,2.82,28.0,65,0,4.6
135,aberdeen,45.47,-19.99999999999997,78,90,8.7
136,hasaki,35.73,17.460000000000036,25,0,7.7
137,gizo,31.8,14.970000000000027,44,0,1.5
138,upernavik,72.79,-17.156999999999982,100,12,0.61
139,katsuura,33.93,12.470000000000027,54,40,6.7
140,alofi,-19.06,27.0,78,8,4.1
141,arraial do cabo,-22.97,23.89300000000003,97,68,3.56
142,khatanga,71.98,-23.656999999999982,74,64,3.61
143,hithadhoo,-0.6,29.26800000000003,97,0,5.81
144,mount gambier,-37.83,22.0,56,75,10.3
145,barrow,-38.31,11.19300000000004,87,0,2.31
146,sentyabrskiy,,,,,
147,bluff,-23.58,29.593000000000018,51,92,6.71
148,isangel,-19.55,25.593000000000018,100,76,4.91
149,bambous virieux,-20.34,31.0,74,40,5.7
150,bengkulu,,,,,
151,doctor mora,21.14,10.0,74,40,1.11
152,kemin,42.79,-2.8069999999999595,82,8,1.11
153,trinidad,-33.52,15.143000000000029,71,0,3.86
154,clyde river,70.47,-23.99999999999997,83,1,11.8
155,cidreira,-30.17,20.44300000000004,86,100,3.41
156,nikolskoye,59.7,1.0,86,90,2
157,belushya guba,,,,,
158,klaksvik,62.23,2.0,80,8,5.1
159,victoria,5.28,30.0,74,75,2.6
160,haines junction,60.75,-29.431999999999988,81,68,0.61
161,seymchan,62.93,-24.60699999999997,75,64,2.71
162,maumere,-8.63,27.89300000000003,98,48,6.71
163,vasteras,59.62,-15.879999999999995,84,0,1
164,mount gambier,-37.83,22.0,56,75,10.3
165,copacabana,6.35,16.0,93,75,1.11
166,hwange,-18.35,25.593000000000018,51,0,2.11
167,rikitea,-23.12,27.69300000000004,99,12,3.46
168,russell,-33.01,19.0,93,40,3.1
169,sitka,37.17,14.31800000000004,35,0,7.96
170,taolanaro,,,,,
171,kruisfontein,-34,20.593000000000018,96,88,5.86
172,bambous virieux,-20.34,31.0,74,40,5.7
173,busselton,-33.64,24.918000000000006,76,0,3.86
174,lebu,8.96,17.0,33,0,3.6
175,vardo,39.62,0.6299999999999955,78,1,1.5
176,ushuaia,-54.81,15.0,58,0,5.7
177,pingxiang,27.63,10.19300000000004,74,88,1.81
178,port elizabeth,39.31,-0.7599999999999909,100,90,1.31
179,taolanaro,,,,,
180,gamba,28.28,-9.206999999999994,71,0,4.26
181,ushuaia,-54.81,15.0,58,0,5.7
182,at-bashi,41.17,-5.831999999999994,81,68,1.41
183,kemalpasa,38.43,3.2100000000000364,92,20,0.96
184,pinega,64.7,-17.406999999999982,64,56,3.61
185,clyde river,70.47,-23.99999999999997,83,1,11.8
186,sananduva,-27.95,12.992999999999995,95,8,4.11
187,cape town,-33.93,20.0,77,20,6.2
188,ribeira grande,38.52,17.293000000000006,95,80,9.96
189,ranong,9.96,33.0,59,40,3.6
190,trani,41.28,4.57000000000005,81,0,2.1
191,champerico,16.38,17.81800000000004,94,0,0.76
192,ribeira grande,38.52,17.293000000000006,95,80,9.96
193,berlevag,70.86,-11.349999999999966,72,20,6.2
194,hermanus,-34.42,17.39300000000003,98,92,1.56
195,salalah,17.01,25.0,65,75,4.6
196,sao filipe,14.9,21.19300000000004,100,76,6.81
197,dikson,73.51,-23.306999999999988,73,8,4.01
198,menongue,-14.66,17.31800000000004,98,80,1.41
199,punta arenas,-53.16,12.0,71,0,4.1
200,butaritari,3.07,28.918000000000006,100,56,8.61
201,namatanai,-3.66,26.89300000000003,100,64,4.21
202,akhnur,32.87,17.0,51,40,1.21
203,bubaque,11.28,24.043000000000006,100,0,5.11
204,rikitea,-23.12,27.69300000000004,99,12,3.46
205,punta arenas,-53.16,12.0,71,0,4.1
206,karratha,-20.74,41.668000000000006,24,68,5.26
207,rikitea,-23.12,27.69300000000004,99,12,3.46
208,belushya guba,,,,,
209,kamaishi,39.28,2.0,80,75,3.6
210,tuktoyaktuk,69.44,-19.99999999999997,70,75,7.2
211,port lincoln,-34.72,21.742999999999995,80,0,9.01
212,ushuaia,-54.81,15.0,58,0,5.7
213,rikitea,-23.12,27.69300000000004,99,12,3.46
214,atuona,-9.8,27.01800000000003,100,64,6.31
215,rikitea,-23.12,27.69300000000004,99,12,3.46
216,saint george,39.45,7.560000000000002,100,75,1.31
217,margate,-43.03,21.0,52,40,6.7
218,albany,42.65,3.6100000000000136,67,90,3.6
219,ludvika,60.15,-18.99999999999997,91,0,1
220,tocopilla,-22.09,18.64300000000003,96,64,0.16
221,ushuaia,-54.81,15.0,58,0,5.7
222,puerto del rosario,28.5,16.439999999999998,82,75,7.2
223,antofagasta,-23.65,21.0,77,0,2.1
224,barentsburg,,,,,
225,hokitika,-42.72,16.76800000000003,91,8,2.26
226,tuatapere,-46.13,18.043000000000006,77,48,9.26
227,port alfred,-33.59,21.26800000000003,86,32,6.46
228,rikitea,-23.12,27.69300000000004,99,12,3.46
229,taolanaro,,,,,
230,sulangan,11.14,27.168000000000006,94,0,5.36
231,chuy,-33.69,17.51800000000003,87,24,2.91
232,messina,38.19,10.910000000000025,71,40,1.5
233,kavieng,-2.57,27.01800000000003,100,88,3.36
234,port alfred,-33.59,21.26800000000003,86,32,6.46
235,qaanaaq,77.48,-28.456999999999965,82,0,1.16
236,port hardy,50.7,-4.0,58,90,6.7
237,new norfolk,-42.78,21.0,52,40,6.7
238,saint-francois,46.42,-4.0,100,0,1.56
239,rikitea,-23.12,27.69300000000004,99,12,3.46
240,rio gallegos,-51.62,13.0,71,0,1
241,atuona,-9.8,27.01800000000003,100,64,6.31
242,torbay,47.66,-12.0,66,90,10.3
243,chokurdakh,70.62,-36.05699999999999,58,20,4.56
244,ushuaia,-54.81,15.0,58,0,5.7
245,avarua,-21.21,25.0,94,90,0.5
246,atuona,-9.8,27.01800000000003,100,64,6.31
247,butaritari,3.07,28.918000000000006,100,56,8.61
248,saint-philippe,45.36,-9.029999999999973,92,90,2.6
249,koslan,63.46,-22.581999999999965,66,36,3.56
250,ushuaia,-54.81,15.0,58,0,5.7
251,ushuaia,-54.81,15.0,58,0,5.7
252,mataura,-46.19,21.76800000000003,53,88,9.76
253,rikitea,-23.12,27.69300000000004,99,12,3.46
254,tiksi,71.64,-36.331999999999965,59,20,1.51
255,busselton,-33.64,24.918000000000006,76,0,3.86
256,gonbad-e qabus,37.25,2.2000000000000455,100,90,4.1
257,bengkulu,,,,,
258,illoqqortoormiut,,,,,
259,tasiilaq,65.61,-5.0,79,80,14.4
260,thabazimbi,-24.59,18.242999999999995,94,92,1.56
261,lata,30.78,10.143000000000029,68,0,0.61
262,busselton,-33.64,24.918000000000006,76,0,3.86
263,ngunguru,-35.62,22.19300000000004,94,8,7.36
264,atuona,-9.8,27.01800000000003,100,64,6.31
265,busselton,-33.64,24.918000000000006,76,0,3.86
266,ribeira grande,38.52,17.293000000000006,95,80,9.96
267,bredasdorp,-34.53,22.0,73,92,2.6
268,san cristobal,-0.39,12.950000000000045,93,90,1.5
269,vaini,15.34,26.0,47,0,5.1
270,cap malheureux,-19.98,31.0,74,40,5.7
271,hermanus,-34.42,17.39300000000003,98,92,1.56
272,avarua,-21.21,25.0,94,90,0.5
273,beloha,-25.17,27.19300000000004,62,32,5.26
274,mahebourg,-20.41,31.0,74,40,5.7
275,kralendijk,12.15,25.0,78,8,5.1
276,nikolskoye,59.7,1.0,86,90,2
277,hobart,-42.88,22.0,53,20,7.7
278,magistralnyy,56.17,-30.056999999999988,31,20,1.56
279,ushuaia,-54.81,15.0,58,0,5.7
280,bredasdorp,-34.53,22.0,73,92,2.6
281,nuevitas,21.55,22.0,94,0,3.1
282,nguiu,,,,,
283,sarmanovo,55.25,-15.0,84,90,9
284,ribeira grande,38.52,17.293000000000006,95,80,9.96
285,dikson,73.51,-23.306999999999988,73,8,4.01
286,albany,42.65,3.6100000000000136,67,90,3.6
287,qaanaaq,77.48,-28.456999999999965,82,0,1.16
288,careiro da varzea,-3.2,24.460000000000036,88,0,1.5
289,shimoda,34.7,16.390000000000043,39,20,5.7
290,alma,40.1,-3.1999999999999886,100,90,8.7
291,kapaa,22.08,22.79000000000002,73,1,7.7
292,hermanus,-34.42,17.39300000000003,98,92,1.56
293,upernavik,72.79,-17.156999999999982,100,12,0.61
294,bambous virieux,-20.34,31.0,74,40,5.7
295,mar del plata,-46.43,12.268000000000029,94,0,0.96
296,belushya guba,,,,,
297,ola,59.58,-15.18199999999996,100,68,6.56
298,ushuaia,-54.81,15.0,58,0,5.7
299,bethel,60.79,-3.0299999999999727,100,90,3.6
300,coihaique,-45.58,13.0,82,0,0.76
301,rikitea,-23.12,27.69300000000004,99,12,3.46
302,salalah,17.01,25.0,65,75,4.6
303,moscow,55.75,1.0,100,90,2
304,bluff,-23.58,29.593000000000018,51,92,6.71
305,vao,59.1,-1.356999999999971,91,92,3.31
306,mataura,-46.19,21.76800000000003,53,88,9.76
307,bethel,60.79,-3.0299999999999727,100,90,3.6
308,ratnagiri,16.98,28.56800000000004,83,0,3.61
309,bengkulu,,,,,
310,yellowknife,62.45,-37.99999999999997,65,40,2.6
311,toliary,,,,,
312,new norfolk,-42.78,21.0,52,40,6.7
313,punta arenas,-53.16,12.0,71,0,4.1
314,chokurdakh,70.62,-36.05699999999999,58,20,4.56
315,east london,-33.02,23.0,73,40,7.2
316,hithadhoo,-0.6,29.26800000000003,97,0,5.81
317,illoqqortoormiut,,,,,
318,ilulissat,69.22,-9.0,33,0,2.1
319,avarua,-21.21,25.0,94,90,0.5
320,norman wells,65.28,-30.99999999999997,67,5,2.6
321,yellowknife,62.45,-37.99999999999997,65,40,2.6
322,castro,-42.48,17.0,67,0,2.6
323,hithadhoo,-0.6,29.26800000000003,97,0,5.81
324,taolanaro,,,,,
325,yellowknife,62.45,-37.99999999999997,65,40,2.6
326,tabas,33.6,8.0,61,88,5.1
327,albany,42.65,3.6100000000000136,67,90,3.6
328,mataura,-46.19,21.76800000000003,53,88,9.76
329,albany,42.65,3.6100000000000136,67,90,3.6
330,nizhneyansk,,,,,
331,nouadhibou,20.93,15.0,82,68,7.7
332,avarua,-21.21,25.0,94,90,0.5
333,punta arenas,-53.16,12.0,71,0,4.1
334,nikolskoye,59.7,1.0,86,90,2
335,new norfolk,-42.78,21.0,52,40,6.7
336,ushuaia,-54.81,15.0,58,0,5.7
337,bambous virieux,-20.34,31.0,74,40,5.7
338,churapcha,62,-32.25699999999998,39,76,2.11
339,qaanaaq,77.48,-28.456999999999965,82,0,1.16
340,miri,10.31,14.418000000000006,57,0,1.56
341,leh,34.16,-21.806999999999988,82,76,0.51
342,tahta,,,,,
343,sao joao da barra,-21.64,26.39300000000003,100,88,1.11
344,rikitea,-23.12,27.69300000000004,99,12,3.46
345,punta arenas,-53.16,12.0,71,0,4.1
346,kimbe,-5.56,25.418000000000006,100,92,3.41
347,ushuaia,-54.81,15.0,58,0,5.7
348,hermanus,-34.42,17.39300000000003,98,92,1.56
349,faanui,-16.48,28.31800000000004,100,92,4.36
350,torbay,47.66,-12.0,66,90,10.3
351,nhulunbuy,-12.18,26.0,88,40,7.7
352,bluff,-23.58,29.593000000000018,51,92,6.71
353,acarau,,,,,
354,carnarvon,-30.97,13.768000000000029,81,0,4.81
355,hilo,19.71,23.30000000000001,76,90,1.5
356,yar-sale,66.83,-27.431999999999988,79,56,5.91
357,norman wells,65.28,-30.99999999999997,67,5,2.6
358,salekhard,66.54,-34.581999999999965,52,0,0.61
359,saint-marc,19.1,20.01800000000003,95,0,0.71
360,valkeakoski,61.26,-5.0,85,75,4.1
361,manali,32.25,-15.906999999999982,77,48,0.31
362,bluff,-23.58,29.593000000000018,51,92,6.71
363,fredericksburg,30.28,15.610000000000014,92,1,1.5
364,busselton,-33.64,24.918000000000006,76,0,3.86
365,kapaa,22.08,22.79000000000002,73,1,7.7
366,new norfolk,-42.78,21.0,52,40,6.7
367,punta arenas,-53.16,12.0,71,0,4.1
368,talnakh,69.49,-31.73199999999997,38,0,2.71
369,taolanaro,,,,,
370,alexandria,31.31,17.08000000000004,86,90,2.1
371,berlevag,70.86,-11.349999999999966,72,20,6.2
372,illoqqortoormiut,,,,,
373,qaanaaq,77.48,-28.456999999999965,82,0,1.16
374,punta arenas,-53.16,12.0,71,0,4.1
375,ribeira grande,38.52,17.293000000000006,95,80,9.96
376,katsiveli,,,,,
377,punta arenas,-53.16,12.0,71,0,4.1
378,coos bay,43.37,4.400000000000034,85,90,7.2
379,bilma,18.69,10.06800000000004,44,0,1.81
380,taolanaro,,,,,
381,yellowknife,62.45,-37.99999999999997,65,40,2.6
382,albany,42.65,3.6100000000000136,67,90,3.6
383,kruisfontein,-34,20.593000000000018,96,88,5.86
384,victoria,5.28,30.0,74,75,2.6
385,las vegas,36.17,11.420000000000016,50,90,5.7
386,chandpur,29.14,16.64300000000003,87,0,1.96
387,albany,42.65,3.6100000000000136,67,90,3.6
388,hasaki,35.73,17.460000000000036,25,0,7.7
389,kaitangata,-46.28,22.293000000000006,57,92,7.26
390,puyo,-1.48,15.793000000000006,99,92,0.46
391,komsomolskiy,67.55,-37.30699999999999,0,0,1.36
392,ushuaia,-54.81,15.0,58,0,5.7
393,constitucion,23.99,7.768000000000029,56,0,1.96
394,port elizabeth,39.31,-0.7599999999999909,100,90,1.31
395,amderma,,,,,
396,rikitea,-23.12,27.69300000000004,99,12,3.46
397,port alfred,-33.59,21.26800000000003,86,32,6.46
398,bacuit,,,,,
399,saskylakh,71.97,-23.60699999999997,72,68,7.26
400,mitsamiouli,-11.38,27.0,83,20,3.36
401,pevek,69.7,-27.056999999999988,97,24,4.96
402,doume,,,,,
403,le mars,42.79,-5.529999999999973,91,90,10.8
404,busselton,-33.64,24.918000000000006,76,0,3.86
405,busselton,-33.64,24.918000000000006,76,0,3.86
406,new norfolk,-42.78,21.0,52,40,6.7
407,aklavik,68.22,-19.99999999999997,70,90,2.1
408,poum,41.28,3.9180000000000064,84,92,1.06
409,troitskiy,45.15,7.0,81,0,2
410,codrington,-28.95,29.650000000000034,45,0,5.1
411,yumen,40.29,-4.406999999999982,77,0,7.46
412,cape town,-33.93,20.0,77,20,6.2
413,mahebourg,-20.41,31.0,74,40,5.7
414,tungkang,,,,,
415,kapaa,22.08,22.79000000000002,73,1,7.7
416,tumannyy,,,,,
417,busselton,-33.64,24.918000000000006,76,0,3.86
418,qaanaaq,77.48,-28.456999999999965,82,0,1.16
419,lavrentiya,65.58,-3.7069999999999936,91,76,7.41
420,georgetown,6.8,24.0,94,75,2.1
421,barrow,-38.31,11.19300000000004,87,0,2.31
422,paamiut,61.99,-3.1819999999999595,100,0,9.06
423,xam nua,20.42,25.168000000000006,45,0,1.11
424,yumen,40.29,-4.406999999999982,77,0,7.46
425,lima,-12.06,24.0,94,75,5.7
426,tiksi,71.64,-36.331999999999965,59,20,1.51
427,norman wells,65.28,-30.99999999999997,67,5,2.6
428,yatou,3.63,25.0,100,75,3.86
429,new norfolk,-42.78,21.0,52,40,6.7
430,sentyabrskiy,,,,,
431,souillac,45.6,-1.42999999999995,92,0,1.5
432,effingham,39.12,10.490000000000009,83,75,3.6
433,busselton,-33.64,24.918000000000006,76,0,3.86
434,ozgon,,,,,
435,roma,41.89,5.400000000000034,93,0,3.6
436,katsuura,33.93,12.470000000000027,54,40,6.7
437,kaitangata,-46.28,22.293000000000006,57,92,7.26
438,coihaique,-45.58,13.0,82,0,0.76
439,taoudenni,22.68,9.593000000000018,27,8,7.26
440,tuktoyaktuk,69.44,-19.99999999999997,70,75,7.2
441,batagay,67.65,-44.956999999999965,0,12,1.36
442,port blair,11.67,28.69300000000004,97,0,6.01
443,jamestown,-33.21,29.81800000000004,32,20,5.81
444,saldanha,41.42,-5.906999999999982,79,0,1.21
445,caucaia,-3.73,27.0,88,40,1.5
446,valer,41.76,-5.831999999999994,69,8,1.51
447,tasiilaq,65.61,-5.0,79,80,14.4
448,brits,-25.63,18.900000000000034,72,20,1.5
449,belushya guba,,,,,
450,sistranda,63.73,-4.0,92,20,7.7
451,meulaboh,4.14,28.94300000000004,100,8,2.31
452,ushuaia,-54.81,15.0,58,0,5.7
453,castro,-42.48,17.0,67,0,2.6
454,santa cruz del sur,20.71,20.668000000000006,96,8,1.21
455,bredasdorp,-34.53,22.0,73,92,2.6
456,port blair,11.67,28.69300000000004,97,0,6.01
457,khatanga,71.98,-23.656999999999982,74,64,3.61
458,kodiak,39.95,12.660000000000025,90,90,5.1
459,hilo,19.71,23.30000000000001,76,90,1.5
460,naze,5.43,23.44300000000004,96,32,1.86
461,ushuaia,-54.81,15.0,58,0,5.7
462,ushuaia,-54.81,15.0,58,0,5.7
463,san pedro,-33.68,18.26800000000003,81,0,4.81
464,busselton,-33.64,24.918000000000006,76,0,3.86
465,tuktoyaktuk,69.44,-19.99999999999997,70,75,7.2
466,mrirt,,,,,
467,ushuaia,-54.81,15.0,58,0,5.7
468,bredasdorp,-34.53,22.0,73,92,2.6
469,beringovskiy,63.05,-1.606999999999971,86,64,7.91
470,atuona,-9.8,27.01800000000003,100,64,6.31
471,bourail,-21.57,25.742999999999995,83,80,2.41
472,hobart,-42.88,22.0,53,20,7.7
473,faya,18.39,13.520000000000039,62,0,1.76
474,norman wells,65.28,-30.99999999999997,67,5,2.6
475,mahebourg,-20.41,31.0,74,40,5.7
476,saint george,39.45,7.560000000000002,100,75,1.31
477,clyde river,70.47,-23.99999999999997,83,1,11.8
478,ponta do sol,-20.63,20.26800000000003,85,36,1.36
479,punta arenas,-53.16,12.0,71,0,4.1
480,nuevo imperial,-13.08,18.918000000000006,97,68,0.21
481,bose,45.46,1.0900000000000318,74,0,2.6
482,new norfolk,-42.78,21.0,52,40,6.7
483,broken hill,-31.97,35.0,19,48,7.7
484,bredasdorp,-34.53,22.0,73,92,2.6
485,stantsiya gorchakovo,,,,,
486,komsomolskiy,67.55,-37.30699999999999,0,0,1.36
487,tasiilaq,65.61,-5.0,79,80,14.4
488,bengkulu,,,,,
489,bluff,-23.58,29.593000000000018,51,92,6.71
490,martapura,-3.41,29.0,74,40,2.6
491,ribeira grande,38.52,17.293000000000006,95,80,9.96
492,mayskiy,43.63,0.4600000000000364,100,90,1
493,ushuaia,-54.81,15.0,58,0,5.7
494,faanui,-16.48,28.31800000000004,100,92,4.36
495,steinbach,49.53,-20.99999999999997,70,90,10.8
496,vaini,15.34,26.0,47,0,5.1
497,neiafu,-18.65,28.0,65,40,3.1
498,albany,42.65,3.6100000000000136,67,90,3.6
499,urumqi,,,,,
